%YAML:1.0
---
cameraMatrix: !!opencv-matrix
   rows: 3
   cols: 3
   dt: d
   data: [ 5.1727337142134456e+02, 0., 3.1862747526987658e+02, 0.,
       5.1642623644592868e+02, 2.5537361392781906e+02, 0., 0., 1. ]
distCoeffs: !!opencv-matrix
   rows: 1
   cols: 5
   dt: d
   data: [ 2.6864725336192380e-01, -1.0085027871497509e+00,
       -5.2417203220558577e-03, 2.7246023937761983e-03,
       1.2443194694746684e+00 ]
calibrationDate: "Fri Dec 10 09:49:44 2021\n"
